0.06
0
0.686
0.0640272
-0.259027
0.129626
0.12297
-0.294899
0.399976
0.168413
-0.322554
0.312947
0.289825
-0.327442
0.0703348
0.334247
-0.308933
-0.0213989
0.445599
-0.251772
-0.261631
0.508368
-0.259567
-0.35884
0.0640272
0.259027
0.129626
0.132789
0.2533
0.399976
0.210348
0.246839
0.465907
0.402252
0.16168
0.637796
0.399228
0.0586678
0.648298
0.381844
-0.209925
0.678865
0.40977
-0.322483
0.679874
0
0
0
0
0
0
0
0
0
0
0
0
0
0
0
0
0
0
0
0
0
0
0
0
0
0
0
0
0
0
0
0
0
0
0
0
0
0
0
0
0
0
0
0
0
0
0
0
0
0
0
0
0
0
0
0
0
0
0
0
0
0
0
0
0
0
0
0
0
0
0
0
0
0
0
0
0
0
0
0
0
0
0
0
0
0
0
0
0
0
0
0
0
0
0
0
0
0
0
0
0
0
0
0
0
