0.06
0
0.686
0.0640272
-0.259027
0.129626
0.11656
-0.303763
0.399976
0.158519
-0.339494
0.485806
0.324429
-0.39664
0.692769
0.390204
-0.334848
0.641912
0.558899
-0.177143
0.500316
0.565132
-0.178985
0.384524
0.0640272
0.259027
0.129626
0.116561
0.303763
0.399976
0.15852
0.339493
0.485806
0.324429
0.396638
0.692769
0.390204
0.334846
0.641912
0.558899
0.177141
0.500316
0.565132
0.178984
0.384524
0
0
0
0
0
0
0
0
0
0
0
0
0
0
0
0
0
0
0
0
0
0
0
0
0
0
0
0
0
0
0
0
0
0
0
0
0
0
0
0
0
0
0
0
0
0
0
0
0
0
0
0
0
0
0
0
0
0
0
0
0
0
0
0
0
0
0
0
0
0
0
0
0
0
0
0
0
0
0
0
0
0
0
0
0
0
0
0
0
0
0
0
0
0
0
0
0
0
0
0
0
0
0
0
0
