0
0
0.1265
0
0
0
0
0.05
-0.185
0
0.05
-0.2879
0.0108565
0.203509
0.1
0
0.098
0.1
0.0654797
0.191397
0.100004
0.135417
0.18774
0.0969704
0.143448
0.188109
0.085072
0.0654797
0.191397
0.100004
0.130407
0.165148
0.0969692
0.13753
0.161421
0.0850705
0.0654797
0.191397
0.100004
0
0.05
-0.085
0
0.05
-0.085
0
0
0
0
0.05
-0.085
0
0
0
0
0.098
0.1
0.0654797
0.191397
0.100004
0.113271
0.180801
0.0736282
0.0108565
0.203509
0.1
0
-0.05
-0.185
0
-0.05
-0.2879
0.105
-0.113
0.1
0
-0.098
0.1
0.14439
-0.0732651
0.1
0.184799
-0.016067
0.09696
0.188772
-0.00907888
0.0850608
0.14439
-0.0732651
0.1
0.201233
-0.0323579
0.09696
0.208186
-0.028324
0.0850608
0.14439
-0.0732651
0.1
0
-0.05
-0.085
0
-0.05
-0.085
0
0
0
0
-0.05
-0.085
0
0
0
0
-0.098
0.1
0.14439
-0.0732651
0.1
0.178851
-0.0385014
0.07362
0.105
-0.113
0.1
0
0
0
0
0
0
0
0
0
0
0
0
0
0
0
0
0
0
0
0
0
0
0
0
